970 970
7
7
7
0
0
0
5
5
5
2
2
2
0
0
0
172
172
172
255
255
255
255
255
255
255
255
255
255
255
255
255
255
255
255
255
255
255
255
255
255
255
255
255
255
255
255
255
255
254
254
254
254
254
254
254
254
254
254
254
254
254
254
254
254
254
254
254
254
254
254
254
254
255
255
255
255
255
255
255
255
255
255
255
255
255
255
255
255
255
255
255
255
255
255
255
255
255
255
255
255
3
3
3
0
0
0
5
5
5
0
0
0
0
0
0
173
173
173
251
251
251
255
255
255
255
255
255
255
255
255
255
255
255
255
255
255
255
255
255
255
255
255
255
255
255
255
255
255
255
255
255
255
255
255
255
255
255
255
255
255
255
255
255
255
255
255
255
255
255
255
255
255
255
255
255
255
255
255
255
255
255
255
255
255
255
255
255
255
255
255
255
255
255
255
255
255
255
255
255
255
1
1
1
0
0
0
5
5
5
0
0
0
0
0
0
185
185
185
249
249
249
255
255
255
255
255
255
255
255
255
255
255
255
255
255
255
255
255
255
255
255
255
255
255
255
255
255
255
255
255
255
255
255
255
255
255
255
255
255
255
255
255
255
255
255
255
255
255
255
255
255
255
255
255
255
255
255
255
255
255
255
255
255
255
255
255
255
255
255
255
255
255
255
255
255
255
255
255
255
255
5
5
5
3
3
3
4
4
4
0
0
0
11
11
11
213
213
213
255
255
255
255
255
255
255
255
255
255
255
255
255
255
255
255
255
255
255
255
255
255
255
255
255
255
255
255
255
255
255
255
255
255
255
255
255
255
255
255
255
255
255
255
255
255
255
255
255
255
255
255
255
255
255
255
255
255
255
255
255
255
255
255
255
255
255
255
255
255
255
255
255
255
255
255
255
255
255
255
255
255
6
6
6
3
3
3
0
0
0
0
0
0
21
21
21
240
240
240
255
255
255
255
255
255
255
255
255
255
255
255
255
255
255
255
255
255
255
255
255
255
255
255
255
255
255
255
255
255
255
255
255
255
255
255
255
255
255
255
255
255
255
255
255
255
255
255
255
255
255
255
255
255
255
255
255
255
255
255
255
255
255
255
255
255
255
255
255
255
255
255
255
255
255
255
255
255
255
255
255
255
2
2
2
3
3
3
0
0
0
0
0
0
23
23
23
255
255
255
255
255
255
255
255
255
255
255
255
255
255
255
255
255
255
255
255
255
255
255
255
255
255
255
255
255
255
255
255
255
254
254
254
254
254
254
254
254
254
254
254
254
254
254
254
254
254
254
254
254
254
254
254
254
255
255
255
255
255
255
255
255
255
255
255
255
255
255
255
255
255
255
255
255
255
255
255
255
255
255
255
255
0
0
0
7
7
7
1
1
1
0
0
0
20
20
20
255
255
255
247
247
247
254
254
254
255
255
255
255
255
255
255
255
255
255
255
255
255
255
255
255
255
255
255
255
255
255
255
255
253
253
253
253
253
253
253
253
253
253
253
253
253
253
253
253
253
253
253
253
253
253
253
253
255
255
255
255
255
255
255
255
255
255
255
255
255
255
255
255
255
255
255
255
255
255
255
255
255
255
255
255
0
0
0
12
12
12
9
9
9
0
0
0
19
19
19
255
255
255
243
243
243
255
255
255
255
255
255
255
255
255
255
255
255
255
255
255
255
255
255
255
255
255
255
255
255
255
255
255
252
252
252
252
252
252
252
252
252
252
252
252
252
252
252
252
252
252
252
252
252
252
252
252
255
255
255
255
255
255
255
255
255
255
255
255
255
255
255
255
255
255
255
255
255
255
255
255
255
255
255
255
0
0
0
5
5
5
0
0
0
15
15
15
6
6
6
252
252
252
255
255
255
244
244
244
244
244
244
255
255
255
255
255
255
253
253
253
246
246
246
255
255
255
237
237
237
255
255
255
255
255
255
197
197
197
125
125
125
42
42
42
48
48
48
164
164
164
253
253
253
252
252
252
255
255
255
250
250
250
245
245
245
252
252
252
255
255
255
255
255
255
254
254
254
250
250
250
253
253
253
255
2
2
2
0
0
0
0
0
0
1
1
1
7
7
7
180
180
180
243
243
243
255
255
255
255
255
255
240
240
240
254
254
254
255
255
255
255
255
255
255
255
255
253
253
253
233
233
233
177
177
177
19
19
19
0
0
0
0
0
0
23
23
23
0
0
0
184
184
184
255
255
255
244
244
244
255
255
255
255
255
255
255
255
255
255
255
255
254
254
254
252
252
252
249
249
249
253
253
253
221
1
1
1
8
8
8
20
20
20
0
0
0
0
0
0
41
41
41
160
160
160
245
245
245
255
255
255
255
255
255
255
255
255
252
252
252
254
254
254
253
253
253
255
255
255
255
255
255
105
105
105
0
0
0
11
11
11
15
15
15
0
0
0
8
8
8
120
120
120
255
255
255
252
252
252
255
255
255
255
255
255
250
250
250
246
246
246
254
254
254
255
255
255
255
255
255
186
186
186
40
0
0
0
0
0
0
0
0
0
8
8
8
15
15
15
0
0
0
14
14
14
38
38
38
135
135
135
232
232
232
254
254
254
255
255
255
255
255
255
254
254
254
245
245
245
246
246
246
53
53
53
0
0
0
0
0
0
0
0
0
24
24
24
69
69
69
248
248
248
235
235
235
250
250
250
249
249
249
250
250
250
255
255
255
255
255
255
255
255
255
252
252
252
244
244
244
68
68
68
8
22
22
22
12
12
12
0
0
0
0
0
0
11
11
11
3
3
3
0
0
0
11
11
11
25
25
25
142
142
142
247
247
247
251
251
251
247
247
247
255
255
255
255
255
255
214
214
214
10
10
10
0
0
0
17
17
17
68
68
68
238
238
238
255
255
255
213
213
213
255
255
255
255
255
255
255
255
255
252
252
252
255
255
255
255
255
255
253
253
253
254
254
254
255
255
255
40
40
40
17
0
0
0
3
3
3
3
3
3
16
16
16
0
0
0
4
4
4
0
0
0
2
2
2
0
0
0
58
58
58
244
244
244
245
245
245
254
254
254
255
255
255
250
250
250
114
114
114
23
23
23
0
0
0
15
15
15
228
228
228
229
229
229
250
250
250
255
255
255
252
252
252
246
246
246
248
248
248
255
255
255
255
255
255
255
255
255
240
240
240
239
239
239
248
248
248
195
195
195
100
22
22
22
1
1
1
0
0
0
0
0
0
0
0
0
25
25
25
0
0
0
2
2
2
24
24
24
93
93
93
251
251
251
255
255
255
255
255
255
248
248
248
119
119
119
0
0
0
0
0
0
15
15
15
189
189
189
255
255
255
255
255
255
246
246
246
255
255
255
248
248
248
251
251
251
255
255
255
254
254
254
247
247
247
254
254
254
255
255
255
255
255
255
255
255
255
255
255
255
239
13
13
13
18
18
18
93
93
93
106
106
106
124
124
124
156
156
156
140
140
140
153
153
153
165
165
165
250
250
250
255
255
255
250
250
250
235
235
235
241
241
241
20
20
20
5
5
5
16
16
16
172
172
172
247
247
247
244
244
244
255
255
255
255
255
255
247
247
247
251
251
251
255
255
255
201
201
201
95
95
95
22
22
22
57
57
57
166
166
166
243
243
243
255
255
255
248
248
248
255
254
254
254
254
254
254
254
254
254
254
254
254
254
254
254
254
254
254
254
254
254
254
254
254
255
255
255
249
249
249
255
255
255
239
239
239
252
252
252
196
196
196
0
0
0
14
14
14
163
163
163
255
255
255
242
242
242
255
255
255
251
251
251
251
251
251
255
255
255
251
251
251
245
245
245
112
112
112
3
3
3
0
0
0
0
0
0
28
28
28
90
90
90
255
255
255
246
246
246
255
254
254
254
254
254
254
254
254
254
254
254
254
254
254
254
254
254
254
254
254
254
254
254
254
249
249
249
255
255
255
242
242
242
255
255
255
251
251
251
162
162
162
11
11
11
54
54
54
236
236
236
255
255
255
238
238
238
251
251
251
249
249
249
252
252
252
252
252
252
249
249
249
241
241
241
32
32
32
0
0
0
13
13
13
6
6
6
0
0
0
31
31
31
173
173
173
255
255
255
248
254
254
254
254
254
254
254
254
254
254
254
254
254
254
254
254
254
254
254
254
254
254
254
254
246
246
246
255
255
255
252
252
252
255
255
255
255
255
255
163
163
163
12
12
12
89
89
89
255
255
255
255
255
255
242
242
242
255
255
255
255
255
255
255
255
255
243
243
243
249
249
249
206
206
206
0
0
0
5
5
5
6
6
6
0
0
0
0
0
0
7
7
7
55
55
55
242
242
242
255
254
254
254
254
254
254
254
254
254
254
254
254
254
254
254
254
254
254
254
254
254
254
254
254
254
254
254
252
252
252
255
255
255
245
245
245
255
255
255
183
183
183
0
0
0
145
145
145
244
244
244
245
245
245
255
255
255
255
255
255
255
255
255
255
255
255
244
244
244
255
255
255
189
189
189
0
0
0
2
2
2
0
0
0
1
1
1
9
9
9
8
8
8
3
3
3
125
125
125
235
254
254
254
254
254
254
254
254
254
254
254
254
254
254
254
254
254
254
254
254
254
254
254
254
254
254
254
253
253
253
250
250
250
236
236
236
255
255
255
148
148
148
17
17
17
221
221
221
255
255
255
253
253
253
255
255
255
249
249
249
244
244
244
251
251
251
254
254
254
255
255
255
222
222
222
82
82
82
2
2
2
1
1
1
15
15
15
0
0
0
0
0
0
11
11
11
5
5
5
21
254
254
254
254
254
254
254
254
254
254
254
254
254
254
254
254
254
254
254
254
254
254
254
254
246
246
246
255
255
255
254
254
254
255
255
255
249
249
249
69
69
69
69
69
69
251
251
251
255
255
255
254
254
254
255
255
255
254
254
254
254
254
254
250
250
250
255
255
255
246
246
246
255
255
255
205
205
205
73
73
73
0
0
0
10
10
10
0
0
0
0
0
0
7
7
7
0
0
0
8
254
254
254
254
254
254
254
254
254
254
254
254
254
254
254
254
254
254
254
254
254
254
254
254
250
250
250
255
255
255
255
255
255
218
218
218
149
149
149
16
16
16
144
144
144
247
247
247
248
248
248
247
247
247
255
255
255
255
255
255
252
252
252
218
218
218
255
255
255
246
246
246
254
254
254
255
255
255
166
166
166
0
0
0
2
2
2
8
8
8
6
6
6
0
0
0
5
5
5
1
254
254
254
254
254
254
254
254
254
254
254
254
254
254
254
254
254
254
254
254
254
254
254
254
255
255
255
234
234
234
246
246
246
99
99
99
6
6
6
5
5
5
210
210
210
255
255
255
255
255
255
254
254
254
251
251
251
254
254
254
218
218
218
162
162
162
243
243
243
255
255
255
246
246
246
250
250
250
201
201
201
0
0
0
13
13
13
0
0
0
0
0
0
5
5
5
1
1
1
14
255
255
255
251
251
251
245
245
245
255
255
255
246
246
246
241
241
241
255
255
255
243
243
243
247
247
247
227
227
227
77
77
77
9
9
9
7
7
7
11
11
11
251
251
251
255
255
255
255
255
255
252
252
252
240
240
240
255
255
255
115
115
115
5
5
5
204
204
204
253
253
253
255
255
255
246
246
246
169
169
169
7
7
7
0
0
0
0
0
0
11
11
11
19
19
19
16
16
16
0
255
255
255
250
250
250
255
255
255
255
255
255
255
255
255
246
246
246
249
249
249
255
255
255
255
255
255
219
219
219
5
5
5
0
0
0
6
6
6
83
83
83
249
249
249
255
255
255
232
232
232
255
255
255
255
255
255
248
248
248
17
17
17
16
16
16
100
100
100
239
239
239
252
252
252
241
241
241
90
90
90
0
0
0
0
0
0
41
41
41
142
142
142
224
224
224
141
141
141
74
250
250
250
255
255
255
255
255
255
239
239
239
240
240
240
255
255
255
254
254
254
255
255
255
248
248
248
255
255
255
53
53
53
5
5
5
0
0
0
123
123
123
255
255
255
251
251
251
255
255
255
242
242
242
255
255
255
183
183
183
14
14
14
0
0
0
94
94
94
255
255
255
255
255
255
255
255
255
28
28
28
0
0
0
31
31
31
142
142
142
234
234
234
255
255
255
246
246
246
181
255
255
255
255
255
255
237
237
237
255
255
255
255
255
255
255
255
255
255
255
255
237
237
237
243
243
243
255
255
255
116
116
116
1
1
1
3
3
3
81
81
81
232
232
232
253
253
253
255
255
255
252
252
252
208
208
208
48
48
48
0
0
0
8
8
8
202
202
202
242
242
242
247
247
247
202
202
202
0
0
0
4
4
4
145
145
145
237
237
237
255
255
255
230
230
230
255
255
255
249
146
146
146
81
81
81
62
62
62
206
206
206
244
244
244
243
243
243
255
255
255
249
249
249
255
255
255
198
198
198
75
75
75
0
0
0
8
8
8
0
0
0
99
99
99
149
149
149
151
151
151
112
112
112
31
31
31
5
5
5
11
11
11
69
69
69
239
239
239
251
251
251
255
255
255
115
115
115
3
3
3
43
43
43
245
245
245
247
247
247
255
255
255
255
255
255
242
242
242
255
19
19
19
0
0
0
0
0
0
168
168
168
237
237
237
255
255
255
252
252
252
219
219
219
167
167
167
93
93
93
14
14
14
0
0
0
0
0
0
0
0
0
0
0
0
12
12
12
0
0
0
6
6
6
0
0
0
0
0
0
69
69
69
208
208
208
255
255
255
241
241
241
255
255
255
64
64
64
16
16
16
56
56
56
255
255
255
246
246
246
244
244
244
255
255
255
253
253
253
250
9
9
9
62
62
62
120
120
120
207
207
207
251
251
251
255
255
255
107
107
107
33
33
33
7
7
7
0
0
0
0
0
0
3
3
3
0
0
0
25
25
25
1
1
1
0
0
0
12
12
12
0
0
0
17
17
17
15
15
15
204
204
204
238
238
238
246
246
246
253
253
253
229
229
229
45
45
45
7
7
7
81
81
81
255
255
255
255
255
255
254
254
254
251
251
251
255
255
255
255
150
150
150
207
207
207
253
253
253
252
252
252
255
255
255
251
251
251
21
21
21
0
0
0
13
13
13
0
0
0
13
13
13
8
8
8
0
0
0
3
3
3
0
0
0
4
4
4
4
4
4
6
6
6
0
0
0
7
7
7
245
245
245
255
255
255
244
244
244
255
255
255
255
255
255
74
74
74
13
13
13
145
145
145
255
255
255
252
252
252
234
234
234
255
255
255
247
247
247
255
255
255
255
242
242
242
255
255
255
255
255
255
238
238
238
222
222
222
2
2
2
2
2
2
2
2
2
2
2
2
2
2
2
0
0
0
0
0
0
0
0
0
0
0
0
2
2
2
3
3
3
0
0
0
1
1
1
9
9
9
169
169
169
255
255
255
255
255
255
247
247
247
248
248
248
168
168
168
61
61
61
184
184
184
253
253
253
252
252
252
255
255
255
255
255
255
244
244
244
255
254
254
254
247
247
247
254
254
254
255
255
255
245
245
245
146
146
146
2
2
2
0
0
0
2
2
2
1
1
1
0
0
0
2
2
2
4
4
4
5
5
5
3
3
3
1
1
1
1
1
1
1
1
1
2
2
2
4
4
4
151
151
151
251
251
251
254
254
254
253
253
253
244
244
244
219
219
219
76
76
76
208
208
208
250
250
250
255
255
255
246
246
246
235
235
235
255
255
255
255
250
250
250
253
253
253
251
251
251
254
254
254
252
252
252
62
62
62
3
3
3
0
0
0
0
0
0
0
0
0
0
0
0
0
0
0
3
3
3
4
4
4
0
0
0
0
0
0
0
0
0
1
1
1
1
1
1
0
0
0
126
126
126
245
245
245
251
251
251
255
255
255
255
255
255
227
227
227
42
42
42
183
183
183
243
243
243
255
255
255
250
250
250
255
255
255
243
243
243
247
249
249
249
255
255
255
254
254
254
253
253
253
253
253
253
33
33
33
2
2
2
0
0
0
0
0
0
0
0
0
0
0
0
0
0
0
0
0
0
0
0
0
0
0
0
0
0
0
0
0
0
1
1
1
0
0
0
0
0
0
105
105
105
249
249
249
249
249
249
255
255
255
255
255
255
226
226
226
25
25
25
135
135
135
255
255
255
250
250
250
254
254
254
243
243
243
255
255
255
255
252
252
252
255
255
255
255
255
255
253
253
253
250
250
250
51
51
51
1
1
1
1
1
1
4
4
4
5
5
5
5
5
5
2
2
2
0
0
0
0
0
0
1
1
1
6
6
6
0
0
0
1
1
1
0
0
0
0
0
0
89
89
89
255
255
255
248
248
248
254
254
254
255
255
255
249
249
249
5
5
5
39
39
39
175
175
175
246
246
246
255
255
255
247
247
247
240
240
240
250
254
254
254
255
255
255
255
255
255
252
252
252
248
248
248
65
65
65
1
1
1
3
3
3
1
1
1
2
2
2
2
2
2
0
0
0
0
0
0
0
0
0
0
0
0
2
2
2
0
0
0
2
2
2
0
0
0
0
0
0
72
72
72
255
255
255
247
247
247
253
253
253
250
250
250
255
255
255
0
0
0
0
0
0
24
24
24
128
128
128
202
202
202
255
255
255
244
244
244
255
255
255
255
255
255
255
254
254
254
249
249
249
250
250
250
42
42
42
2
2
2
2
2
2
0
0
0
0
0
0
0
0
0
1
1
1
7
7
7
8
8
8
3
3
3
0
0
0
0
0
0
3
3
3
3
3
3
0
0
0
53
53
53
255
255
255
245
245
245
255
255
255
253
253
253
254
254
254
30
30
30
21
21
21
0
0
0
5
5
5
35
35
35
116
116
116
232
232
232
244
254
254
254
255
255
255
248
248
248
246
246
246
254
254
254
9
9
9
3
3
3
1
1
1
6
6
6
0
0
0
0
0
0
11
11
11
26
26
26
29
29
29
16
16
16
1
1
1
0
0
0
5
5
5
6
6
6
0
0
0
39
39
39
255
255
255
243
243
243
255
255
255
255
255
255
235
235
235
36
36
36
0
0
0
2
2
2
7
7
7
0
0
0
5
5
5
15
15
15
66
245
245
245
255
255
255
245
245
245
254
254
254
199
199
199
2
2
2
4
4
4
2
2
2
2
2
2
0
0
0
32
32
32
125
125
125
220
220
220
214
214
214
107
107
107
7
7
7
0
0
0
7
7
7
0
0
0
3
3
3
35
35
35
255
255
255
255
255
255
239
239
239
255
255
255
255
255
255
23
23
23
0
0
0
5
5
5
0
0
0
7
7
7
0
0
0
4
4
4
0
255
255
255
255
255
255
251
251
251
243
243
243
199
199
199
0
0
0
0
0
0
8
8
8
9
9
9
0
0
0
138
138
138
255
255
255
247
247
247
255
255
255
229
229
229
67
67
67
1
1
1
0
0
0
0
0
0
11
11
11
70
70
70
255
255
255
243
243
243
255
255
255
251
251
251
224
224
224
27
27
27
0
0
0
4
4
4
0
0
0
8
8
8
1
1
1
17
17
17
0
255
255
255
246
246
246
253
253
253
245
245
245
229
229
229
13
13
13
0
0
0
0
0
0
0
0
0
16
16
16
158
158
158
254
254
254
235
235
235
255
255
255
255
255
255
146
146
146
3
3
3
0
0
0
6
6
6
0
0
0
137
137
137
254
254
254
238
238
238
255
255
255
246
246
246
161
161
161
12
12
12
0
0
0
7
7
7
1
1
1
7
7
7
1
1
1
7
7
7
0
254
254
254
254
254
254
253
253
253
252
252
252
255
255
255
16
16
16
0
0
0
0
0
0
4
4
4
0
0
0
112
112
112
236
236
236
255
255
255
255
255
255
202
202
202
36
36
36
4
4
4
4
4
4
9
9
9
0
0
0
209
209
209
246
246
246
255
255
255
251
251
251
253
253
253
103
103
103
0
0
0
0
0
0
12
12
12
8
8
8
3
3
3
3
3
3
0
0
0
0
201
201
201
253
253
253
254
254
254
255
255
255
248
248
248
0
0
0
8
8
8
6
6
6
6
6
6
16
16
16
2
2
2
32
32
32
101
101
101
91
91
91
29
29
29
12
12
12
3
3
3
3
3
3
0
0
0
44
44
44
250
250
250
245
245
245
255
255
255
245
245
245
255
255
255
85
85
85
0
0
0
0
0
0
9
9
9
6
6
6
0
0
0
3
3
3
0
0
0
0
64
64
64
189
189
189
250
250
250
255
255
255
243
243
243
4
4
4
1
1
1
5
5
5
11
11
11
0
0
0
8
8
8
25
25
25
0
0
0
0
0
0
10
10
10
2
2
2
2
2
2
1
1
1
0
0
0
150
150
150
255
255
255
251
251
251
248
248
248
255
255
255
255
255
255
94
94
94
9
9
9
5
5
5
7
7
7
28
28
28
5
5
5
0
0
0
5
5
5
0
0
0
0
128
128
128
249
249
249
255
255
255
253
253
253
67
67
67
0
0
0
0
0
0
9
9
9
0
0
0
0
0
0
0
0
0
17
17
17
16
16
16
0
0
0
0
0
0
3
3
3
12
12
12
97
97
97
236
236
236
248
248
248
255
255
255
250
250
250
255
255
255
248
248
248
113
113
113
2
2
2
4
4
4
39
39
39
121
121
121
70
70
70
0
0
0
0
0
0
0
7
7
7
126
126
126
255
255
255
247
247
247
255
255
255
128
128
128
3
3
3
4
4
4
0
0
0
18
18
18
10
10
10
0
0
0
1
1
1
0
0
0
0
0
0
5
5
5
4
4
4
29
29
29
220
220
220
255
255
255
247
247
247
255
255
255
255
255
255
243
243
243
253
253
253
129
129
129
0
0
0
3
3
3
88
88
88
228
228
228
148
148
148
9
9
9
0
0
0
13
17
17
17
155
155
155
255
255
255
252
252
252
235
235
235
226
226
226
0
0
0
0
0
0
0
0
0
0
0
0
10
10
10
3
3
3
6
6
6
3
3
3
0
0
0
8
8
8
16
16
16
183
183
183
255
255
255
253
253
253
255
255
255
252
252
252
254
254
254
255
255
255
254
254
254
206
206
206
0
0
0
5
5
5
72
72
72
236
236
236
246
246
246
64
64
64
0
0
0
8
19
19
19
219
219
219
228
228
228
246
246
246
255
255
255
239
239
239
0
0
0
30
30
30
14
14
14
8
8
8
0
0
0
0
0
0
13
13
13
6
6
6
0
0
0
22
22
22
127
127
127
228
228
228
255
255
255
244
244
244
255
255
255
253
253
253
255
255
255
251
251
251
238
238
238
250
250
250
5
5
5
21
21
21
41
41
41
255
255
255
249
249
249
167
167
167
11
11
11
3
62
62
62
255
255
255
255
255
255
252
252
252
255
255
255
155
155
155
0
0
0
0
0
0
0
0
0
4
4
4
26
26
26
98
98
98
159
159
159
159
159
159
147
147
147
179
179
179
255
255
255
255
255
255
255
255
255
239
239
239
255
255
255
250
250
250
255
255
255
255
255
255
255
255
255
255
255
255
38
38
38
0
0
0
58
58
58
255
255
255
255
255
255
220
220
220
46
46
46
0
65
65
65
197
197
197
255
255
255
230
230
230
196
196
196
59
59
59
13
13
13
2
2
2
0
0
0
9
9
9
81
81
81
220
220
220
255
255
255
255
255
255
251
251
251
255
255
255
244
244
244
242
242
242
249
249
249
255
255
255
255
255
255
238
238
238
255
255
255
245
245
245
250
250
250
251
251
251
75
75
75
1
1
1
55
55
55
239
239
239
255
255
255
255
255
255
136
136
136
0
7
7
7
54
54
54
99
99
99
105
105
105
18
18
18
0
0
0
0
0
0
1
1
1
15
15
15
8
8
8
92
92
92
255
255
255
255
255
255
246
246
246
255
255
255
246
246
246
255
255
255
249
249
249
241
241
241
255
255
255
229
229
229
221
221
221
255
255
255
255
255
255
255
255
255
224
224
224
43
43
43
22
22
22
19
19
19
235
235
235
249
249
249
244
244
244
211
211
211
2
4
4
4
0
0
0
10
10
10
3
3
3
0
0
0
11
11
11
0
0
0
7
7
7
7
7
7
0
0
0
66
66
66
252
252
252
253
253
253
249
249
249
255
255
255
253
253
253
241
241
241
255
255
255
255
255
255
244
244
244
48
48
48
13
13
13
105
105
105
183
183
183
181
181
181
111
111
111
4
4
4
0
0
0
3
3
3
165
165
165
248
248
248
255
255
255
184
184
184
0
46
46
46
20
20
20
34
34
34
0
0
0
11
11
11
0
0
0
5
5
5
0
0
0
0
0
0
0
0
0
27
27
27
215
215
215
255
255
255
255
255
255
255
255
255
248
248
248
255
255
255
255
255
255
248
248
248
249
249
249
35
35
35
0
0
0
0
0
0
0
0
0
3
3
3
0
0
0
10
10
10
0
0
0
0
0
0
36
36
36
196
196
196
253
253
253
148
148
148
17
205
205
205
192
192
192
157
157
157
134
134
134
9
9
9
5
5
5
11
11
11
0
0
0
8
8
8
3
3
3
0
0
0
165
165
165
247
247
247
255
255
255
245
245
245
255
255
255
253
253
253
255
255
255
252
252
252
255
255
255
17
17
17
1
1
1
7
7
7
5
5
5
3
3
3
3
3
3
0
0
0
21
21
21
0
0
0
0
0
0
61
61
61
95
95
95
22
22
22
0
246
246
246
252
252
252
255
255
255
237
237
237
189
189
189
30
30
30
16
16
16
0
0
0
7
7
7
0
0
0
4
4
4
65
65
65
242
242
242
255
255
255
232
232
232
255
255
255
255
255
255
254
254
254
255
255
255
250
250
250
33
33
33
0
0
0
0
0
0
2
2
2
0
0
0
7
7
7
16
16
16
26
26
26
29
29
29
10
10
10
0
0
0
6
6
6
0
0
0
0
255
255
255
239
239
239
248
248
248
255
255
255
232
232
232
43
43
43
7
7
7
7
7
7
0
0
0
17
17
17
0
0
0
66
66
66
252
252
252
246
246
246
238
238
238
255
255
255
255
255
255
255
255
255
255
255
255
251
251
251
31
31
31
44
44
44
117
117
117
139
139
139
144
144
144
140
140
140
183
183
183
241
241
241
219
219
219
118
118
118
29
29
29
0
0
0
9
9
9
6
240
240
240
252
252
252
243
243
243
232
232
232
137
137
137
8
8
8
0
0
0
11
11
11
0
0
0
4
4
4
1
1
1
33
33
33
255
255
255
234
234
234
255
255
255
255
255
255
255
255
255
252
252
252
255
255
255
255
255
255
41
41
41
122
122
122
237
237
237
252
252
252
255
255
255
244
244
244
249
249
249
255
255
255
255
255
255
225
225
225
127
127
127
15
15
15
0
0
0
3
255
255
255
241
241
241
137
137
137
66
66
66
2
2
2
0
0
0
4
4
4
0
0
0
6
6
6
0
0
0
8
8
8
10
10
10
186
186
186
255
255
255
255
255
255
252
252
252
255
255
255
248
248
248
255
255
255
255
255
255
42
42
42
154
154
154
255
255
255
255
255
255
255
255
255
255
255
255
255
255
255
237
237
237
248
248
248
255
255
255
230
230
230
94
94
94
2
2
2
7
21
21
21
13
13
13
0
0
0
10
10
10
2
2
2
12
12
12
0
0
0
0
0
0
5
5
5
8
8
8
0
0
0
14
14
14
49
49
49
232
232
232
250
250
250
255
255
255
255
255
255
251
251
251
250
250
250
233
233
233
20
20
20
128
128
128
255
255
255
248
248
248
253
253
253
246
246
246
255
255
255
255
255
255
251
251
251
255
255
255
255
255
255
221
221
221
49
49
49
0
1
1
1
5
5
5
0
0
0
17
17
17
0
0
0
0
0
0
0
0
0
25
25
25
0
0
0
18
18
18
3
3
3
0
0
0
1
1
1
108
108
108
250
250
250
255
255
255
255
255
255
255
255
255
247
247
247
208
208
208
30
30
30
115
115
115
244
244
244
255
255
255
255
255
255
247
247
247
254
254
254
255
255
255
241
241
241
237
237
237
255
255
255
255
255
255
199
199
199
70
6
6
6
6
6
6
0
0
0
0
0
0
1
1
1
20
20
20
1
1
1
0
0
0
0
0
0
2
2
2
17
17
17
0
0
0
13
13
13
6
6
6
168
168
168
246
246
246
253
253
253
255
255
255
252
252
252
229
229
229
125
125
125
172
172
172
255
255
255
255
255
255
252
252
252
255
255
255
255
255
255
255
255
255
255
255
255
255
255
255
255
255
255
242
242
242
255
255
255
173
2
2
2
0
0
0
3
3
3
0
0
0
0
0
0
7
7
7
1
1
1
5
5
5
7
7
7
0
0
0
0
0
0
18
18
18
0
0
0
0
0
0
26
26
26
201
201
201
248
248
248
252
252
252
255
255
255
255
255
255
236
236
236
250
250
250
255
255
255
240
240
240
252
252
252
255
255
255
255
255
255
248
248
248
252
252
252
253
253
253
251
251
251
255
255
255
243
243
243
255
0
0
0
5
5
5
13
13
13
0
0
0
11
11
11
0
0
0
4
4
4
0
0
0
1
1
1
0
0
0
0
0
0
0
0
0
0
0
0
3
3
3
6
6
6
8
8
8
216
216
216
255
255
255
241
241
241
255
255
255
244
244
244
242
242
242
255
255
255
249
249
249
248
248
248
255
255
255
252
252
252
255
255
255
255
255
255
255
255
255
250
250
250
255
255
255
253
253
253
255
69
69
69
66
66
66
47
47
47
37
37
37
28
28
28
0
0
0
8
8
8
10
10
10
2
2
2
1
1
1
0
0
0
0
0
0
0
0
0
2
2
2
5
5
5
6
6
6
23
23
23
228
228
228
255
255
255
250
250
250
255
255
255
255
255
255
228
228
228
255
255
255
255
255
255
254
254
254
255
255
255
237
237
237
248
248
248
255
255
255
246
246
246
252
252
252
254
254
254
246
248
248
248
255
255
255
250
250
250
255
255
255
215
215
215
143
143
143
66
66
66
0
0
0
4
4
4
2
2
2
1
1
1
0
0
0
0
0
0
1
1
1
3
3
3
4
4
4
8
8
8
36
36
36
228
228
228
247
247
247
250
250
250
249
249
249
255
255
255
241
241
241
255
255
255
233
233
233
244
244
244
255
255
255
255
255
255
237
237
237
255
255
255
255
255
255
255
255
255
235
238
238
238
255
255
255
250
250
250
255
255
255
255
255
255
255
255
255
125
125
125
12
12
12
5
5
5
4
4
4
2
2
2
1
1
1
0
0
0
0
0
0
1
1
1
2
2
2
0
0
0
17
17
17
5
5
5
177
177
177
255
255
255
241
241
241
255
255
255
255
255
255
179
179
179
45
45
45
153
153
153
238
238
238
254
254
254
255
255
255
226
226
226
243
243
243
251
251
251
251
255
255
255
255
255
255
250
250
250
234
234
234
248
248
248
253
253
253
87
87
87
3
3
3
5
5
5
4
4
4
3
3
3
2
2
2
1
1
1
0
0
0
0
0
0
0
0
0
1
1
1
2
2
2
0
0
0
2
2
2
229
229
229
255
255
255
235
235
235
253
253
253
110
110
110
0
0
0
0
0
0
236
236
236
255
255
255
248
248
248
239
239
239
84
84
84
144
144
144
228
242
242
242
247
247
247
255
255
255
255
255
255
255
255
255
192
192
192
27
27
27
7
7
7
3
3
3
3
3
3
3
3
3
2
2
2
1
1
1
1
1
1
0
0
0
0
0
0
6
6
6
17
17
17
0
0
0
17
17
17
96
96
96
241
241
241
255
255
255
246
246
246
85
85
85
6
6
6
14
14
14
249
249
249
242
242
242
253
253
253
200
200
200
0
0
0
105
105
105
255
200
200
200
255
255
255
254
254
254
250
250
250
247
247
247
102
102
102
0
0
0
7
7
7
2
2
2
2
2
2
2
2
2
2
2
2
2
2
2
2
2
2
1
1
1
0
0
0
0
0
0
0
0
0
24
24
24
0
0
0
88
88
88
255
255
255
255
255
255
248
248
248
3
3
3
18
18
18
74
74
74
255
255
255
247
247
247
229
229
229
161
161
161
0
0
0
96
96
96
255
116
116
116
242
242
242
242
242
242
254
254
254
255
255
255
86
86
86
4
4
4
4
4
4
1
1
1
1
1
1
2
2
2
3
3
3
3
3
3
2
2
2
2
2
2
1
1
1
6
6
6
14
14
14
0
0
0
21
21
21
81
81
81
255
255
255
255
255
255
112
112
112
11
11
11
0
0
0
175
175
175
252
252
252
255
255
255
255
255
255
50
50
50
3
3
3
100
100
100
252
94
94
94
251
251
251
246
246
246
255
255
255
249
249
249
105
105
105
17
17
17
0
0
0
3
3
3
1
1
1
3
3
3
5
5
5
1
1
1
0
0
0
0
0
0
2
2
2
3
3
3
0
0
0
12
12
12
0
0
0
152
152
152
249
249
249
234
234
234
12
12
12
0
0
0
30
30
30
231
231
231
255
255
255
255
255
255
244
244
244
19
19
19
0
0
0
11
11
11
254
23
23
23
219
219
219
252
252
252
244
244
244
255
255
255
105
105
105
0
0
0
9
9
9
7
7
7
0
0
0
0
0
0
0
0
0
1
1
1
5
5
5
4
4
4
3
3
3
8
8
8
8
8
8
0
0
0
10
10
10
114
114
114
255
255
255
177
177
177
2
2
2
8
8
8
102
102
102
252
252
252
249
249
249
249
249
249
241
241
241
13
13
13
3
3
3
6
6
6
125
0
0
0
165
165
165
255
255
255
242
242
242
255
255
255
96
96
96
0
0
0
14
14
14
0
0
0
0
0
0
0
0
0
1
1
1
3
3
3
5
5
5
0
0
0
0
0
0
0
0
0
0
0
0
0
0
0
9
9
9
40
40
40
177
177
177
80
80
80
15
15
15
16
16
16
178
178
178
255
255
255
244
244
244
248
248
248
246
246
246
19
19
19
4
4
4
2
2
2
38
1
1
1
121
121
121
255
255
255
247
247
247
250
250
250
58
58
58
8
8
8
2
2
2
0
0
0
3
3
3
9
9
9
4
4
4
0
0
0
0
0
0
2
2
2
4
4
4
0
0
0
0
0
0
3
3
3
0
0
0
3
3
3
44
44
44
12
12
12
27
27
27
44
44
44
218
218
218
255
255
255
253
253
253
252
252
252
255
255
255
43
43
43
0
0
0
2
2
2
71
9
9
9
137
137
137
254
254
254
243
243
243
248
248
248
17
17
17
8
8
8
0
0
0
7
7
7
3
3
3
0
0
0
0
0
0
0
0
0
0
0
0
3
3
3
9
9
9
11
11
11
10
10
10
8
8
8
0
0
0
11
11
11
0
0
0
9
9
9
14
14
14
112
112
112
236
236
236
255
255
255
255
255
255
251
251
251
255
255
255
72
72
72
0
0
0
3
3
3
131
6
6
6
205
205
205
255
255
255
241
241
241
255
255
255
44
44
44
0
0
0
5
5
5
7
7
7
0
0
0
0
0
0
7
7
7
9
9
9
0
0
0
0
0
0
0
0
0
0
0
0
7
7
7
0
0
0
6
6
6
0
0
0
2
2
2
17
17
17
7
7
7
180
180
180
250
250
250
255
255
255
255
255
255
248
248
248
254
254
254
87
87
87
0
0
0
1
1
1
138
34
34
34
255
255
255
255
255
255
252
252
252
255
255
255
147
147
147
10
10
10
8
8
8
0
0
0
0
0
0
0
0
0
14
14
14
8
8
8
1
1
1
32
32
32
80
80
80
54
54
54
10
10
10
0
0
0
2
2
2
0
0
0
1
1
1
4
4
4
9
9
9
192
192
192
253
253
253
255
255
255
247
247
247
254
254
254
251
251
251
87
87
87
3
3
3
0
0
0
126
75
75
75
255
255
255
239
239
239
255
255
255
233
233
233
241
241
241
48
48
48
0
0
0
3
3
3
0
0
0
1
1
1
1
1
1
0
0
0
9
9
9
119
119
119
240
240
240
217
217
217
43
43
43
7
7
7
0
0
0
17
17
17
8
8
8
0
0
0
5
5
5
165
165
165
245
245
245
255
255
255
236
236
236
255
255
255
255
255
255
81
81
81
8
8
8
1
1
1
130
144
144
144
247
247
247
249
249
249
255
255
255
253
253
253
253
253
253
107
107
107
5
5
5
0
0
0
5
5
5
0
0
0
0
0
0
0
0
0
28
28
28
212
212
212
255
255
255
255
255
255
186
186
186
0
0
0
10
10
10
1
1
1
13
13
13
0
0
0
0
0
0
165
165
165
255
255
255
250
250
250
245
245
245
255
255
255
246
246
246
87
87
87
2
2
2
7
7
7
133
211
211
211
251
251
251
255
255
255
254
254
254
252
252
252
255
255
255
148
148
148
9
9
9
1
1
1
6
6
6
0
0
0
6
6
6
6
6
6
42
42
42
235
235
235
255
255
255
255
255
255
234
234
234
2
2
2
7
7
7
3
3
3
2
2
2
0
0
0
25
25
25
235
235
235
255
255
255
255
255
255
254
254
254
235
235
235
251
251
251
149
149
149
4
4
4
0
0
0
170
255
255
255
243
243
243
255
255
255
251
251
251
248
248
248
255
255
255
177
177
177
1
1
1
0
0
0
0
0
0
0
0
0
7
7
7
8
8
8
50
50
50
255
255
255
255
255
255
253
253
253
255
255
255
5
5
5
4
4
4
5
5
5
0
0
0
0
0
0
74
74
74
255
255
255
249
249
249
255
255
255
255
255
255
245
245
245
255
255
255
162
162
162
0
0
0
19
19
19
235
255
255
255
242
242
242
251
251
251
255
255
255
250
250
250
255
255
255
168
168
168
0
0
0
0
0
0
0
0
0
0
0
0
5
5
5
0
0
0
59
59
59
255
255
255
250
250
250
247
247
247
202
202
202
0
0
0
5
5
5
3
3
3
8
8
8
3
3
3
120
120
120
250
250
250
255
255
255
246
246
246
255
255
255
255
255
255
219
219
219
88
88
88
0
0
0
29
29
29
255
247
247
247
255
255
255
247
247
247
255
255
255
254
254
254
255
255
255
140
140
140
5
5
5
4
4
4
2
2
2
4
4
4
7
7
7
0
0
0
85
85
85
255
255
255
250
250
250
255
255
255
115
115
115
0
0
0
12
12
12
0
0
0
11
11
11
0
0
0
141
141
141
253
253
253
255
255
255
249
249
249
246
246
246
234
234
234
103
103
103
0
0
0
10
10
10
72
72
72
243
246
246
246
255
255
255
243
243
243
255
255
255
251
251
251
255
255
255
119
119
119
12
12
12
4
4
4
1
1
1
2
2
2
5
5
5
0
0
0
128
128
128
255
255
255
248
248
248
255
255
255
51
51
51
0
0
0
14
14
14
0
0
0
2
2
2
5
5
5
160
160
160
253
253
253
247
247
247
255
255
255
255
255
255
179
179
179
29
29
29
0
0
0
22
22
22
138
138
138
238
254
254
254
255
255
255
243
243
243
252
252
252
255
255
255
250
250
250
125
125
125
7
7
7
2
2
2
0
0
0
0
0
0
7
7
7
5
5
5
184
184
184
247
247
247
250
250
250
224
224
224
21
21
21
0
0
0
5
5
5
3
3
3
0
0
0
42
42
42
210
210
210
249
249
249
236
236
236
255
255
255
255
255
255
205
205
205
108
108
108
89
89
89
94
94
94
177
177
177
255
255
255
255
249
249
249
249
249
249
255
255
255
255
255
255
255
255
255
146
146
146
2
2
2
6
6
6
0
0
0
0
0
0
16
16
16
24
24
24
231
231
231
251
251
251
255
255
255
180
180
180
12
12
12
0
0
0
0
0
0
16
16
16
0
0
0
86
86
86
255
255
255
255
255
255
254
254
254
255
255
255
242
242
242
255
255
255
242
242
242
223
223
223
203
203
203
240
240
240
252
253
253
253
250
250
250
255
255
255
255
255
255
255
255
255
239
239
239
99
99
99
0
0
0
0
0
0
27
27
27
0
0
0
4
4
4
141
141
141
255
255
255
234
234
234
255
255
255
112
112
112
5
5
5
0
0
0
12
12
12
5
5
5
11
11
11
214
214
214
246
246
246
242
242
242
255
255
255
255
255
255
250
250
250
246
246
246
246
246
246
255
255
255
249
249
249
255
255
255
216
255
255
255
246
246
246
255
255
255
245
245
245
247
247
247
190
190
190
2
2
2
11
11
11
17
17
17
0
0
0
0
0
0
23
23
23
244
244
244
228
228
228
255
255
255
211
211
211
12
12
12
4
4
4
1
1
1
3
3
3
0
0
0
77
77
77
238
238
238
255
255
255
255
255
255
245
245
245
237
237
237
245
245
245
217
217
217
180
180
180
147
147
147
84
84
84
76
76
76
25
255
255
255
242
242
242
255
255
255
255
255
255
220
220
220
18
18
18
10
10
10
2
2
2
0
0
0
9
9
9
17
17
17
2
2
2
176
176
176
249
249
249
255
255
255
81
81
81
0
0
0
22
22
22
0
0
0
0
0
0
17
17
17
174
174
174
252
252
252
255
255
255
245
245
245
251
251
251
255
255
255
107
107
107
1
1
1
16
16
16
0
0
0
30
30
30
13
13
13
0
248
248
248
251
251
251
255
255
255
218
218
218
68
68
68
2
2
2
0
0
0
15
15
15
0
0
0
0
0
0
1
1
1
0
0
0
35
35
35
139
139
139
86
86
86
11
11
11
0
0
0
5
5
5
0
0
0
14
14
14
91
91
91
235
235
235
241
241
241
252
252
252
255
255
255
252
252
252
85
85
85
0
0
0
0
0
0
0
0
0
12
12
12
0
0
0
0
0
0
0
244
244
244
255
255
255
197
197
197
46
46
46
13
13
13
3
3
3
8
8
8
1
1
1
14
14
14
0
0
0
15
15
15
0
0
0
0
0
0
0
0
0
0
0
0
10
10
10
7
7
7
0
0
0
12
12
12
59
59
59
167
167
167
255
255
255
238
238
238
251
251
251
245
245
245
154
154
154
8
8
8
7
7
7
24
24
24
0
0
0
13
13
13
8
8
8
27
27
27
0
249
249
249
184
184
184
13
13
13
16
16
16
0
0
0
13
13
13
11
11
11
0
0
0
0
0
0
5
5
5
0
0
0
1
1
1
27
27
27
16
16
16
27
27
27
0
0
0
13
13
13
0
0
0
5
5
5
44
44
44
173
173
173
255
255
255
255
255
255
247
247
247
191
191
191
12
12
12
12
12
12
0
0
0
0
0
0
16
16
16
0
0
0
0
0
0
0
0
0
70
185
185
185
2
2
2
9
9
9
0
0
0
0
0
0
12
12
12
0
0
0
3
3
3
19
19
19
19
19
19
47
47
47
164
164
164
177
177
177
171
171
171
167
167
167
131
131
131
72
72
72
24
24
24
23
23
23
42
42
42
122
122
122
196
196
196
207
207
207
157
157
157
19
19
19
0
0
0
0
0
0
18
18
18
1
1
1
4
4
4
27
27
27
0
0
0
40
40
40
205
8
8
8
1
1
1
24
24
24
0
0
0
6
6
6
9
9
9
0
0
0
0
0
0
2
2
2
0
0
0
161
161
161
255
255
255
251
251
251
250
250
250
255
255
255
247
247
247
234
234
234
189
189
189
170
170
170
146
146
146
100
100
100
87
87
87
64
64
64
0
0
0
0
0
0
24
24
24
0
0
0
0
0
0
21
21
21
0
0
0
0
0
0
16
16
16
59
59
59
235
4
4
4
3
3
3
6
6
6
1
1
1
0
0
0
4
4
4
10
10
10
0
0
0
1
1
1
95
95
95
231
231
231
253
253
253
255
255
255
254
254
254
255
255
255
247
247
247
251
251
251
255
255
255
246
246
246
234
234
234
203
203
203
103
103
103
17
17
17
10
10
10
1
1
1
1
1
1
1
1
1
1
1
1
1
1
1
1
1
1
1
1
1
1
1
1
10
10
10
185
14
14
14
0
0
0
0
0
0
3
3
3
3
3
3
5
5
5
5
5
5
0
0
0
3
3
3
108
108
108
254
254
254
255
255
255
249
249
249
234
234
234
248
248
248
254
254
254
249
249
249
247
247
247
239
239
239
255
255
255
255
255
255
159
159
159
24
24
24
0
0
0
1
1
1
1
1
1
1
1
1
1
1
1
1
1
1
1
1
1
1
1
1
1
1
1
12
12
12
0
64
64
64
29
29
29
10
10
10
9
9
9
0
0
0
0
0
0
0
0
0
2
2
2
18
18
18
115
115
115
254
254
254
255
255
255
227
227
227
186
186
186
176
176
176
171
171
171
184
184
184
240
240
240
255
255
255
255
255
255
180
180
180
67
67
67
6
6
6
21
21
21
1
1
1
1
1
1
1
1
1
1
1
1
1
1
1
1
1
1
1
1
1
1
1
1
9
9
9
0
250
250
250
151
151
151
48
48
48
0
0
0
0
0
0
10
10
10
13
13
13
0
0
0
0
0
0
8
8
8
69
69
69
49
49
49
26
26
26
4
4
4
3
3
3
0
0
0
0
0
0
6
6
6
7
7
7
15
15
15
22
22
22
0
0
0
0
0
0
0
0
0
1
1
1
1
1
1
1
1
1
1
1
1
1
1
1
1
1
1
1
1
1
1
1
1
1
1
1
1
