100 100
177
177
177
134
134
134
111
111
111
148
148
148
129
129
129
96
96
96
83
83
83
110
110
110
145
145
145
156
156
156
238
238
238
220
220
220
213
213
213
192
192
192
214
214
214
221
221
221
227
227
227
223
223
223
161
161
161
108
108
108
96
96
96
95
95
95
102
102
102
153
153
153
174
174
174
140
140
140
217
217
217
218
218
218
211
211
211
121
121
121
242
242
242
242
242
242
99
99
99
211
220
220
220
169
169
169
101
101
101
100
100
100
86
86
86
100
100
100
100
100
100
96
96
96
85
85
85
119
119
119
154
154
154
121
121
121
228
228
228
255
255
255
255
255
255
244
244
244
252
252
252
253
253
253
211
211
211
131
131
131
97
97
97
155
155
155
193
193
193
189
189
189
202
202
202
153
153
153
244
244
244
86
86
86
174
174
174
113
113
113
185
185
185
135
135
135
227
227
227
236
172
172
172
137
137
137
115
115
115
80
80
80
98
98
98
110
110
110
85
85
85
99
99
99
92
92
92
128
128
128
104
104
104
99
99
99
250
250
250
239
239
239
252
252
252
252
252
252
255
255
255
255
255
255
231
231
231
201
201
201
136
136
136
125
125
125
175
175
175
172
172
172
238
238
238
139
139
139
187
187
187
53
53
53
47
47
47
73
73
73
182
182
182
170
170
170
217
217
217
183
216
216
216
104
104
104
112
112
112
87
87
87
123
123
123
80
80
80
92
92
92
118
118
118
78
78
78
74
74
74
90
90
90
109
109
109
232
232
232
255
255
255
255
255
255
252
252
252
254
254
254
254
254
254
232
232
232
222
222
222
133
133
133
120
120
120
216
216
216
220
220
220
223
223
223
180
180
180
92
92
92
127
127
127
79
79
79
46
46
46
77
77
77
133
133
133
79
79
79
77
130
130
130
242
242
242
102
102
102
77
77
77
62
62
62
129
129
129
166
166
166
75
75
75
76
76
76
82
82
82
151
151
151
220
220
220
246
246
246
249
249
249
254
254
254
255
255
255
252
252
252
255
255
255
213
213
213
181
181
181
107
107
107
211
211
211
112
112
112
119
119
119
226
226
226
148
148
148
70
70
70
71
71
71
58
58
58
49
49
49
58
58
58
177
177
177
76
76
76
97
46
46
46
141
141
141
108
108
108
90
90
90
70
70
70
85
85
85
169
169
169
77
77
77
88
88
88
231
231
231
238
238
238
234
234
234
243
243
243
255
255
255
255
255
255
247
247
247
255
255
255
249
249
249
207
207
207
160
160
160
106
106
106
94
94
94
99
99
99
145
145
145
241
241
241
110
110
110
70
70
70
77
77
77
101
101
101
63
63
63
47
47
47
112
112
112
149
149
149
123
104
104
104
133
133
133
131
131
131
101
101
101
77
77
77
90
90
90
81
81
81
169
169
169
234
234
234
240
240
240
237
237
237
246
246
246
245
245
245
255
255
255
249
249
249
255
255
255
250
250
250
255
255
255
192
192
192
106
106
106
93
93
93
77
77
77
99
99
99
133
133
133
228
228
228
102
102
102
122
122
122
105
105
105
66
66
66
96
96
96
85
85
85
74
74
74
201
201
201
90
124
124
124
106
106
106
122
122
122
114
114
114
71
71
71
52
52
52
222
222
222
244
244
244
218
218
218
238
238
238
251
251
251
245
245
245
250
250
250
255
255
255
252
252
252
255
255
255
255
255
255
216
216
216
164
164
164
105
105
105
66
66
66
107
107
107
102
102
102
203
203
203
224
224
224
103
103
103
174
174
174
172
172
172
65
65
65
81
81
81
111
111
111
94
94
94
195
195
195
138
244
244
244
157
157
157
211
211
211
122
122
122
105
105
105
69
69
69
185
185
185
217
217
217
161
161
161
181
181
181
230
230
230
247
247
247
246
246
246
250
250
250
255
255
255
252
252
252
255
255
255
159
159
159
214
214
214
112
112
112
97
97
97
80
80
80
152
152
152
177
177
177
39
39
39
109
109
109
183
183
183
124
124
124
83
83
83
220
220
220
192
192
192
135
135
135
153
153
153
247
99
99
99
253
253
253
255
255
255
129
129
129
101
101
101
68
68
68
108
108
108
127
127
127
154
154
154
151
151
151
254
254
254
225
225
225
220
220
220
253
253
253
253
253
253
233
233
233
146
146
146
174
174
174
148
148
148
85
85
85
70
70
70
66
66
66
46
46
46
83
83
83
68
68
68
158
158
158
153
153
153
181
181
181
98
98
98
247
247
247
246
246
246
158
158
158
155
155
155
113
171
171
171
250
250
250
253
253
253
105
105
105
117
117
117
159
159
159
117
117
117
226
226
226
149
149
149
187
187
187
247
247
247
234
234
234
241
241
241
237
237
237
242
242
242
135
135
135
107
107
107
109
109
109
91
91
91
134
134
134
101
101
101
51
51
51
172
172
172
238
238
238
89
89
89
99
99
99
154
154
154
232
232
232
180
180
180
228
228
228
176
176
176
204
204
204
216
216
216
145
228
228
228
235
235
235
253
253
253
115
115
115
90
90
90
110
110
110
154
154
154
96
96
96
91
91
91
151
151
151
243
243
243
244
244
244
248
248
248
213
213
213
157
157
157
96
96
96
101
101
101
83
83
83
73
73
73
71
71
71
149
149
149
132
132
132
216
216
216
214
214
214
185
185
185
229
229
229
187
187
187
149
149
149
219
219
219
238
238
238
199
199
199
248
248
248
213
213
213
197
245
245
245
255
255
255
252
252
252
150
150
150
123
123
123
118
118
118
83
83
83
121
121
121
83
83
83
131
131
131
170
170
170
217
217
217
200
200
200
88
88
88
83
83
83
93
93
93
108
108
108
52
52
52
76
76
76
87
87
87
116
116
116
160
160
160
109
109
109
160
160
160
244
244
244
240
240
240
223
223
223
205
205
205
170
170
170
202
202
202
195
195
195
223
223
223
233
233
233
247
151
151
151
132
132
132
197
197
197
51
51
51
96
96
96
93
93
93
117
117
117
88
88
88
137
137
137
180
180
180
225
225
225
232
232
232
195
195
195
105
105
105
82
82
82
65
65
65
97
97
97
46
46
46
40
40
40
140
140
140
240
240
240
252
252
252
82
82
82
114
114
114
255
255
255
250
250
250
230
230
230
163
163
163
193
193
193
221
221
221
207
207
207
232
232
232
242
242
242
238
158
158
158
145
145
145
121
121
121
81
81
81
89
89
89
107
107
107
119
119
119
79
79
79
121
121
121
178
178
178
167
167
167
254
254
254
209
209
209
77
77
77
102
102
102
63
63
63
57
57
57
51
51
51
98
98
98
255
255
255
214
214
214
247
247
247
74
74
74
111
111
111
251
251
251
252
252
252
170
170
170
194
194
194
209
209
209
208
208
208
222
222
222
183
183
183
159
159
159
184
192
192
192
123
123
123
98
98
98
77
77
77
74
74
74
137
137
137
143
143
143
96
96
96
90
90
90
133
133
133
129
129
129
230
230
230
194
194
194
102
102
102
84
84
84
63
63
63
75
75
75
49
49
49
163
163
163
242
242
242
204
204
204
253
253
253
38
38
38
185
185
185
252
252
252
247
247
247
220
220
220
166
166
166
187
187
187
202
202
202
185
185
185
89
89
89
158
158
158
186
183
183
183
184
184
184
249
249
249
97
97
97
89
89
89
115
115
115
115
115
115
116
116
116
134
134
134
198
198
198
236
236
236
255
255
255
132
132
132
127
127
127
55
55
55
91
91
91
63
63
63
79
79
79
36
36
36
164
164
164
233
233
233
231
231
231
37
37
37
232
232
232
253
253
253
227
227
227
221
221
221
107
107
107
205
205
205
214
214
214
110
110
110
95
95
95
154
154
154
211
141
141
141
147
147
147
254
254
254
93
93
93
88
88
88
114
114
114
109
109
109
101
101
101
145
145
145
210
210
210
252
252
252
233
233
233
57
57
57
63
63
63
64
64
64
62
62
62
54
54
54
78
78
78
78
78
78
101
101
101
106
106
106
122
122
122
89
89
89
222
222
222
223
223
223
190
190
190
213
213
213
118
118
118
231
231
231
224
224
224
255
255
255
177
177
177
179
179
179
196
154
154
154
232
232
232
226
226
226
50
50
50
89
89
89
102
102
102
111
111
111
225
225
225
180
180
180
255
255
255
247
247
247
168
168
168
56
56
56
51
51
51
54
54
54
72
72
72
74
74
74
87
87
87
104
104
104
72
72
72
100
100
100
122
122
122
83
83
83
121
121
121
64
64
64
101
101
101
61
61
61
68
68
68
55
55
55
125
125
125
179
179
179
198
198
198
237
237
237
121
214
214
214
248
248
248
172
172
172
166
166
166
234
234
234
234
234
234
152
152
152
183
183
183
202
202
202
252
252
252
191
191
191
75
75
75
52
52
52
64
64
64
115
115
115
126
126
126
97
97
97
171
171
171
153
153
153
127
127
127
106
106
106
111
111
111
121
121
121
100
100
100
86
86
86
68
68
68
65
65
65
81
81
81
124
124
124
167
167
167
237
237
237
227
227
227
184
184
184
232
212
212
212
156
156
156
61
61
61
228
228
228
246
246
246
251
251
251
252
252
252
179
179
179
228
228
228
239
239
239
55
55
55
51
51
51
61
61
61
51
51
51
206
206
206
206
206
206
116
116
116
194
194
194
150
150
150
190
190
190
215
215
215
195
195
195
188
188
188
131
131
131
100
100
100
113
113
113
73
73
73
118
118
118
144
144
144
230
230
230
255
255
255
184
184
184
113
113
113
164
195
195
195
105
105
105
169
169
169
205
205
205
254
254
254
255
255
255
251
251
251
139
139
139
185
185
185
226
226
226
147
147
147
132
132
132
141
141
141
142
142
142
179
179
179
167
167
167
194
194
194
207
207
207
143
143
143
161
161
161
243
243
243
227
227
227
210
210
210
178
178
178
230
230
230
178
178
178
130
130
130
106
106
106
115
115
115
210
210
210
217
217
217
172
172
172
161
161
161
161
166
166
166
88
88
88
190
190
190
212
212
212
243
243
243
255
255
255
202
202
202
164
164
164
168
168
168
216
216
216
195
195
195
196
196
196
141
141
141
207
207
207
183
183
183
216
216
216
231
231
231
220
220
220
178
178
178
171
171
171
204
204
204
177
177
177
179
179
179
161
161
161
210
210
210
192
192
192
168
168
168
127
127
127
79
79
79
146
146
146
195
195
195
100
100
100
188
188
188
150
149
149
149
137
137
137
231
231
231
216
216
216
255
255
255
255
255
255
176
176
176
149
149
149
192
192
192
218
218
218
212
212
212
163
163
163
193
193
193
199
199
199
203
203
203
198
198
198
243
243
243
181
181
181
161
161
161
176
176
176
220
220
220
190
190
190
138
138
138
235
235
235
219
219
219
164
164
164
195
195
195
152
152
152
128
128
128
163
163
163
168
168
168
160
160
160
227
227
227
188
130
130
130
122
122
122
255
255
255
240
240
240
253
253
253
228
228
228
141
141
141
187
187
187
167
167
167
207
207
207
197
197
197
57
57
57
186
186
186
189
189
189
240
240
240
214
214
214
229
229
229
197
197
197
193
193
193
217
217
217
170
170
170
207
207
207
176
176
176
222
222
222
219
219
219
177
177
177
193
193
193
171
171
171
104
104
104
201
201
201
138
138
138
176
176
176
225
225
225
117
131
131
131
107
107
107
105
105
105
154
154
154
216
216
216
96
96
96
197
197
197
119
119
119
186
186
186
142
142
142
224
224
224
149
149
149
161
161
161
227
227
227
215
215
215
238
238
238
221
221
221
219
219
219
205
205
205
165
165
165
163
163
163
163
163
163
184
184
184
125
125
125
241
241
241
156
156
156
215
215
215
216
216
216
168
168
168
147
147
147
195
195
195
146
146
146
218
218
218
219
138
138
138
125
125
125
110
110
110
76
76
76
81
81
81
109
109
109
88
88
88
100
100
100
85
85
85
200
200
200
252
252
252
231
231
231
201
201
201
221
221
221
243
243
243
210
210
210
249
249
249
220
220
220
198
198
198
138
138
138
128
128
128
167
167
167
170
170
170
224
224
224
233
233
233
226
226
226
183
183
183
194
194
194
224
224
224
112
112
112
182
182
182
194
194
194
244
244
244
240
148
148
148
121
121
121
94
94
94
108
108
108
89
89
89
71
71
71
64
64
64
137
137
137
153
153
153
244
244
244
204
204
204
255
255
255
196
196
196
215
215
215
231
231
231
184
184
184
238
238
238
206
206
206
212
212
212
122
122
122
133
133
133
161
161
161
169
169
169
214
214
214
238
238
238
194
194
194
118
118
118
128
128
128
167
167
167
158
158
158
194
194
194
202
202
202
232
232
232
192
123
123
123
131
131
131
122
122
122
94
94
94
75
75
75
90
90
90
74
74
74
133
133
133
223
223
223
255
255
255
224
224
224
232
232
232
246
246
246
255
255
255
193
193
193
192
192
192
208
208
208
233
233
233
201
201
201
132
132
132
148
148
148
147
147
147
152
152
152
231
231
231
232
232
232
142
142
142
117
117
117
102
102
102
211
211
211
132
132
132
201
201
201
185
185
185
176
176
176
245
146
146
146
144
144
144
91
91
91
113
113
113
70
70
70
75
75
75
74
74
74
111
111
111
126
126
126
157
157
157
224
224
224
235
235
235
251
251
251
235
235
235
194
194
194
254
254
254
203
203
203
230
230
230
180
180
180
163
163
163
203
203
203
123
123
123
183
183
183
190
190
190
187
187
187
117
117
117
235
235
235
197
197
197
183
183
183
194
194
194
191
191
191
194
194
194
181
181
181
237
203
203
203
186
186
186
114
114
114
81
81
81
155
155
155
122
122
122
69
69
69
83
83
83
67
67
67
146
146
146
224
224
224
249
249
249
255
255
255
166
166
166
235
235
235
217
217
217
191
191
191
212
212
212
182
182
182
117
117
117
150
150
150
97
97
97
110
110
110
99
99
99
194
194
194
154
154
154
173
173
173
202
202
202
162
162
162
185
185
185
221
221
221
147
147
147
117
117
117
211
216
216
216
176
176
176
116
116
116
113
113
113
228
228
228
212
212
212
106
106
106
126
126
126
112
112
112
186
186
186
233
233
233
246
246
246
226
226
226
206
206
206
242
242
242
221
221
221
221
221
221
153
153
153
90
90
90
81
81
81
92
92
92
73
73
73
67
67
67
85
85
85
75
75
75
166
166
166
203
203
203
195
195
195
234
234
234
211
211
211
206
206
206
195
195
195
194
194
194
200
253
253
253
97
97
97
170
170
170
133
133
133
227
227
227
107
107
107
160
160
160
220
220
220
156
156
156
192
192
192
144
144
144
225
225
225
167
167
167
177
177
177
238
238
238
230
230
230
179
179
179
199
199
199
194
194
194
112
112
112
91
91
91
83
83
83
83
83
83
98
98
98
103
103
103
139
139
139
247
247
247
232
232
232
250
250
250
255
255
255
201
201
201
171
171
171
175
175
175
159
244
244
244
186
186
186
205
205
205
146
146
146
215
215
215
160
160
160
92
92
92
129
129
129
123
123
123
197
197
197
191
191
191
214
214
214
230
230
230
182
182
182
195
195
195
235
235
235
231
231
231
203
203
203
255
255
255
118
118
118
106
106
106
63
63
63
71
71
71
130
130
130
100
100
100
126
126
126
241
241
241
236
236
236
254
254
254
218
218
218
255
255
255
165
165
165
200
200
200
211
252
252
252
254
254
254
194
194
194
207
207
207
139
139
139
127
127
127
222
222
222
92
92
92
212
212
212
186
186
186
170
170
170
226
226
226
222
222
222
185
185
185
194
194
194
188
188
188
201
201
201
235
235
235
254
254
254
176
176
176
123
123
123
96
96
96
116
116
116
145
145
145
94
94
94
98
98
98
198
198
198
251
251
251
231
231
231
202
202
202
255
255
255
203
203
203
208
208
208
223
238
238
238
255
255
255
219
219
219
185
185
185
82
82
82
185
185
185
167
167
167
205
205
205
178
178
178
222
222
222
199
199
199
193
193
193
153
153
153
169
169
169
188
188
188
165
165
165
200
200
200
239
239
239
250
250
250
225
225
225
86
86
86
101
101
101
141
141
141
117
117
117
143
143
143
132
132
132
100
100
100
184
184
184
205
205
205
254
254
254
246
246
246
203
203
203
209
209
209
209
251
251
251
247
247
247
217
217
217
184
184
184
125
125
125
192
192
192
128
128
128
205
205
205
196
196
196
227
227
227
202
202
202
142
142
142
190
190
190
163
163
163
176
176
176
210
210
210
227
227
227
243
243
243
251
251
251
197
197
197
73
73
73
97
97
97
64
64
64
187
187
187
204
204
204
170
170
170
176
176
176
185
185
185
165
165
165
240
240
240
220
220
220
154
154
154
201
201
201
238
223
223
223
153
153
153
223
223
223
208
208
208
232
232
232
151
151
151
133
133
133
209
209
209
198
198
198
212
212
212
118
118
118
201
201
201
177
177
177
119
119
119
230
230
230
175
175
175
243
243
243
178
178
178
246
246
246
235
235
235
62
62
62
83
83
83
97
97
97
214
214
214
203
203
203
152
152
152
129
129
129
126
126
126
118
118
118
80
80
80
92
92
92
56
56
56
207
207
207
232
160
160
160
130
130
130
236
236
236
251
251
251
239
239
239
184
184
184
222
222
222
182
182
182
211
211
211
155
155
155
137
137
137
146
146
146
161
161
161
135
135
135
163
163
163
197
197
197
194
194
194
190
190
190
241
241
241
244
244
244
98
98
98
81
81
81
110
110
110
188
188
188
197
197
197
121
121
121
105
105
105
136
136
136
135
135
135
76
76
76
81
81
81
74
74
74
155
155
155
199
115
115
115
208
208
208
252
252
252
253
253
253
180
180
180
122
122
122
167
167
167
184
184
184
155
155
155
104
104
104
74
74
74
110
110
110
93
93
93
81
81
81
90
90
90
98
98
98
143
143
143
226
226
226
235
235
235
247
247
247
94
94
94
129
129
129
90
90
90
202
202
202
234
234
234
220
220
220
183
183
183
157
157
157
113
113
113
83
83
83
98
98
98
75
75
75
53
53
53
228
149
149
149
247
247
247
255
255
255
215
215
215
90
90
90
133
133
133
156
156
156
162
162
162
151
151
151
151
151
151
115
115
115
79
79
79
67
67
67
60
60
60
93
93
93
152
152
152
160
160
160
207
207
207
255
255
255
212
212
212
80
80
80
77
77
77
83
83
83
233
233
233
227
227
227
212
212
212
228
228
228
163
163
163
112
112
112
92
92
92
107
107
107
39
39
39
107
107
107
254
235
235
235
248
248
248
238
238
238
79
79
79
165
165
165
103
103
103
103
103
103
106
106
106
101
101
101
74
74
74
72
72
72
82
82
82
81
81
81
75
75
75
160
160
160
182
182
182
171
171
171
180
180
180
244
244
244
255
255
255
117
117
117
80
80
80
96
96
96
235
235
235
255
255
255
159
159
159
208
208
208
206
206
206
101
101
101
143
143
143
199
199
199
103
103
103
226
226
226
218
246
246
246
255
255
255
220
220
220
95
95
95
113
113
113
102
102
102
108
108
108
138
138
138
123
123
123
119
119
119
135
135
135
84
84
84
65
65
65
82
82
82
183
183
183
192
192
192
194
194
194
199
199
199
254
254
254
255
255
255
246
246
246
114
114
114
72
72
72
94
94
94
239
239
239
230
230
230
213
213
213
224
224
224
155
155
155
120
120
120
217
217
217
181
181
181
175
175
175
200
177
177
177
137
137
137
100
100
100
93
93
93
70
70
70
86
86
86
111
111
111
142
142
142
72
72
72
130
130
130
104
104
104
101
101
101
52
52
52
137
137
137
216
216
216
238
238
238
227
227
227
229
229
229
252
252
252
246
246
246
249
249
249
72
72
72
87
87
87
78
78
78
99
99
99
232
232
232
234
234
234
189
189
189
63
63
63
191
191
191
181
181
181
193
193
193
218
218
218
186
141
141
141
126
126
126
109
109
109
152
152
152
73
73
73
72
72
72
112
112
112
125
125
125
78
78
78
104
104
104
92
92
92
82
82
82
78
78
78
225
225
225
242
242
242
255
255
255
248
248
248
242
242
242
252
252
252
255
255
255
215
215
215
72
72
72
82
82
82
96
96
96
159
159
159
180
180
180
255
255
255
132
132
132
79
79
79
186
186
186
147
147
147
226
226
226
167
167
167
204
176
176
176
168
168
168
134
134
134
101
101
101
78
78
78
109
109
109
139
139
139
118
118
118
91
91
91
101
101
101
90
90
90
51
51
51
127
127
127
229
229
229
248
248
248
249
249
249
252
252
252
243
243
243
248
248
248
219
219
219
54
54
54
79
79
79
65
65
65
158
158
158
220
220
220
213
213
213
142
142
142
94
94
94
113
113
113
217
217
217
170
170
170
243
243
243
138
138
138
197
204
204
204
218
218
218
83
83
83
105
105
105
135
135
135
123
123
123
155
155
155
109
109
109
92
92
92
80
80
80
80
80
80
76
76
76
129
129
129
209
209
209
189
189
189
255
255
255
249
249
249
251
251
251
220
220
220
25
25
25
65
65
65
96
96
96
134
134
134
124
124
124
229
229
229
245
245
245
176
176
176
76
76
76
187
187
187
249
249
249
244
244
244
243
243
243
210
210
210
182
221
221
221
176
176
176
124
124
124
150
150
150
111
111
111
115
115
115
169
169
169
187
187
187
109
109
109
83
83
83
66
66
66
76
76
76
73
73
73
161
161
161
155
155
155
215
215
215
251
251
251
255
255
255
60
60
60
42
42
42
94
94
94
111
111
111
215
215
215
239
239
239
255
255
255
243
243
243
255
255
255
249
249
249
65
65
65
225
225
225
251
251
251
248
248
248
250
250
250
224
174
174
174
124
124
124
105
105
105
92
92
92
111
111
111
218
218
218
216
216
216
129
129
129
220
220
220
176
176
176
102
102
102
83
83
83
75
75
75
73
73
73
197
197
197
163
163
163
250
250
250
106
106
106
66
66
66
47
47
47
235
235
235
205
205
205
208
208
208
235
235
235
250
250
250
254
254
254
250
250
250
254
254
254
200
200
200
180
180
180
255
255
255
244
244
244
255
255
255
185
138
138
138
102
102
102
142
142
142
77
77
77
149
149
149
222
222
222
255
255
255
206
206
206
171
171
171
210
210
210
210
210
210
108
108
108
88
88
88
87
87
87
134
134
134
221
221
221
72
72
72
76
76
76
68
68
68
39
39
39
214
214
214
192
192
192
191
191
191
212
212
212
255
255
255
245
245
245
254
254
254
255
255
255
254
254
254
169
169
169
253
253
253
255
255
255
252
252
252
153
89
89
89
67
67
67
69
69
69
95
95
95
195
195
195
239
239
239
254
254
254
243
243
243
227
227
227
152
152
152
199
199
199
81
81
81
67
67
67
45
45
45
95
95
95
238
238
238
55
55
55
92
92
92
80
80
80
54
54
54
66
66
66
202
202
202
231
231
231
238
238
238
252
252
252
249
249
249
254
254
254
254
254
254
249
249
249
195
195
195
247
247
247
232
232
232
233
233
233
149
62
62
62
64
64
64
71
71
71
60
60
60
172
172
172
241
241
241
249
249
249
248
248
248
226
226
226
225
225
225
87
87
87
94
94
94
66
66
66
50
50
50
194
194
194
237
237
237
104
104
104
76
76
76
109
109
109
82
82
82
82
82
82
55
55
55
69
69
69
171
171
171
255
255
255
245
245
245
255
255
255
225
225
225
194
194
194
170
170
170
142
142
142
220
220
220
218
218
218
212
79
79
79
75
75
75
86
86
86
70
70
70
109
109
109
206
206
206
255
255
255
221
221
221
220
220
220
193
193
193
109
109
109
193
193
193
154
154
154
212
212
212
186
186
186
202
202
202
89
89
89
129
129
129
109
109
109
73
73
73
65
65
65
71
71
71
68
68
68
119
119
119
249
249
249
255
255
255
236
236
236
216
216
216
228
228
228
154
154
154
153
153
153
255
255
255
163
163
163
208
142
142
142
78
78
78
90
90
90
69
69
69
53
53
53
204
204
204
251
251
251
228
228
228
181
181
181
71
71
71
151
151
151
151
151
151
255
255
255
191
191
191
187
187
187
178
178
178
86
86
86
191
191
191
234
234
234
201
201
201
120
120
120
116
116
116
60
60
60
150
150
150
255
255
255
253
253
253
233
233
233
230
230
230
218
218
218
162
162
162
204
204
204
214
214
214
44
44
44
221
207
207
207
133
133
133
105
105
105
221
221
221
84
84
84
185
185
185
230
230
230
211
211
211
97
97
97
121
121
121
217
217
217
230
230
230
214
214
214
198
198
198
171
171
171
139
139
139
110
110
110
216
216
216
170
170
170
223
223
223
113
113
113
255
255
255
130
130
130
77
77
77
226
226
226
231
231
231
180
180
180
235
235
235
209
209
209
195
195
195
209
209
209
125
125
125
120
120
120
214
102
102
102
153
153
153
98
98
98
197
197
197
150
150
150
161
161
161
187
187
187
201
201
201
113
113
113
241
241
241
214
214
214
174
174
174
204
204
204
158
158
158
183
183
183
162
162
162
162
162
162
140
140
140
193
193
193
196
196
196
87
87
87
208
208
208
147
147
147
158
158
158
60
60
60
208
208
208
215
215
215
238
238
238
211
211
211
210
210
210
123
123
123
94
94
94
195
195
195
156
79
79
79
163
163
163
153
153
153
183
183
183
218
218
218
148
148
148
149
149
149
175
175
175
241
241
241
229
229
229
177
177
177
195
195
195
196
196
196
171
171
171
138
138
138
159
159
159
133
133
133
194
194
194
240
240
240
230
230
230
71
71
71
52
52
52
156
156
156
217
217
217
174
174
174
218
218
218
199
199
199
228
228
228
196
196
196
219
219
219
122
122
122
132
132
132
143
143
143
172
99
99
99
141
141
141
119
119
119
154
154
154
220
220
220
175
175
175
242
242
242
237
237
237
166
166
166
171
171
171
208
208
208
161
161
161
196
196
196
166
166
166
214
214
214
160
160
160
181
181
181
154
154
154
229
229
229
232
232
232
212
212
212
61
61
61
50
50
50
111
111
111
162
162
162
241
241
241
145
145
145
236
236
236
229
229
229
242
242
242
173
173
173
103
103
103
67
67
67
64
154
154
154
122
122
122
134
134
134
117
117
117
232
232
232
205
205
205
111
111
111
202
202
202
182
182
182
119
119
119
211
211
211
149
149
149
192
192
192
111
111
111
187
187
187
153
153
153
220
220
220
89
89
89
210
210
210
245
245
245
245
245
245
204
204
204
86
86
86
55
55
55
140
140
140
251
251
251
193
193
193
236
236
236
192
192
192
223
223
223
160
160
160
94
94
94
75
75
75
71
151
151
151
243
243
243
192
192
192
155
155
155
200
200
200
147
147
147
137
137
137
161
161
161
153
153
153
166
166
166
93
93
93
114
114
114
76
76
76
89
89
89
152
152
152
182
182
182
237
237
237
185
185
185
144
144
144
236
236
236
241
241
241
236
236
236
211
211
211
124
124
124
42
42
42
170
170
170
206
206
206
198
198
198
166
166
166
184
184
184
204
204
204
162
162
162
98
98
98
65
116
116
116
219
219
219
241
241
241
108
108
108
113
113
113
147
147
147
97
97
97
77
77
77
86
86
86
119
119
119
135
135
135
70
70
70
104
104
104
229
229
229
234
234
234
227
227
227
244
244
244
252
252
252
233
233
233
205
205
205
242
242
242
202
202
202
192
192
192
177
177
177
131
131
131
193
193
193
215
215
215
190
190
190
145
145
145
188
188
188
174
174
174
118
118
118
77
77
77
94
132
132
132
181
181
181
225
225
225
54
54
54
89
89
89
84
84
84
87
87
87
54
54
54
140
140
140
228
228
228
255
255
255
91
91
91
113
113
113
232
232
232
224
224
224
246
246
246
245
245
245
251
251
251
255
255
255
144
144
144
225
225
225
225
225
225
185
185
185
165
165
165
195
195
195
154
154
154
216
216
216
137
137
137
106
106
106
95
95
95
73
73
73
70
70
70
52
52
52
71
172
172
172
210
210
210
219
219
219
56
56
56
103
103
103
146
146
146
80
80
80
117
117
117
213
213
213
255
255
255
227
227
227
66
66
66
165
165
165
230
230
230
236
236
236
242
242
242
252
252
252
252
252
252
255
255
255
168
168
168
168
168
168
198
198
198
173
173
173
123
123
123
199
199
199
189
189
189
204
204
204
132
132
132
107
107
107
92
92
92
83
83
83
55
55
55
55
55
55
53
215
215
215
236
236
236
213
213
213
60
60
60
100
100
100
89
89
89
114
114
114
65
65
65
186
186
186
181
181
181
200
200
200
202
202
202
133
133
133
222
222
222
235
235
235
252
252
252
250
250
250
255
255
255
248
248
248
112
112
112
145
145
145
211
211
211
120
120
120
161
161
161
220
220
220
230
230
230
217
217
217
215
215
215
169
169
169
94
94
94
93
93
93
100
100
100
64
64
64
77
200
200
200
231
231
231
230
230
230
122
122
122
146
146
146
80
80
80
105
105
105
80
80
80
61
61
61
66
66
66
188
188
188
220
220
220
184
184
184
197
197
197
219
219
219
254
254
254
250
250
250
255
255
255
123
123
123
68
68
68
99
99
99
60
60
60
102
102
102
255
255
255
186
186
186
188
188
188
228
228
228
220
220
220
210
210
210
131
131
131
140
140
140
169
169
169
78
78
78
63
232
232
232
209
209
209
227
227
227
176
176
176
67
67
67
73
73
73
123
123
123
142
142
142
82
82
82
86
86
86
141
141
141
202
202
202
150
150
150
211
211
211
121
121
121
177
177
177
255
255
255
111
111
111
107
107
107
128
128
128
93
93
93
59
59
59
132
132
132
242
242
242
255
255
255
167
167
167
194
194
194
233
233
233
233
233
233
212
212
212
215
215
215
77
77
77
112
112
112
58
183
183
183
218
218
218
140
140
140
220
220
220
122
122
122
99
99
99
133
133
133
149
149
149
118
118
118
74
74
74
174
174
174
105
105
105
173
173
173
240
240
240
240
240
240
205
205
205
131
131
131
170
170
170
219
219
219
91
91
91
106
106
106
76
76
76
111
111
111
226
226
226
251
251
251
234
234
234
183
183
183
216
216
216
211
211
211
186
186
186
225
225
225
166
166
166
93
93
93
102
193
193
193
255
255
255
156
156
156
207
207
207
174
174
174
182
182
182
165
165
165
84
84
84
111
111
111
93
93
93
94
94
94
171
171
171
198
198
198
255
255
255
244
244
244
247
247
247
229
229
229
212
212
212
220
220
220
104
104
104
80
80
80
64
64
64
76
76
76
188
188
188
253
253
253
255
255
255
221
221
221
223
223
223
165
165
165
144
144
144
246
246
246
148
148
148
116
116
116
207
226
226
226
198
198
198
171
171
171
118
118
118
188
188
188
212
212
212
125
125
125
168
168
168
153
153
153
170
170
170
64
64
64
246
246
246
240
240
240
254
254
254
240
240
240
240
240
240
241
241
241
213
213
213
236
236
236
87
87
87
106
106
106
117
117
117
59
59
59
172
172
172
237
237
237
244
244
244
255
255
255
159
159
159
171
171
171
110
110
110
211
211
211
119
119
119
109
109
109
89
191
191
191
207
207
207
227
227
227
209
209
209
187
187
187
202
202
202
120
120
120
214
214
214
227
227
227
171
171
171
95
95
95
210
210
210
234
234
234
244
244
244
221
221
221
255
255
255
250
250
250
249
249
249
211
211
211
93
93
93
140
140
140
174
174
174
70
70
70
120
120
120
198
198
198
255
255
255
234
234
234
174
174
174
100
100
100
94
94
94
50
50
50
63
63
63
78
78
78
76
198
198
198
219
219
219
209
209
209
199
199
199
214
214
214
182
182
182
169
169
169
183
183
183
220
220
220
206
206
206
151
151
151
205
205
205
238
238
238
244
244
244
227
227
227
241
241
241
248
248
248
234
234
234
90
90
90
122
122
122
200
200
200
97
97
97
151
151
151
37
37
37
113
113
113
151
151
151
213
213
213
137
137
137
102
102
102
71
71
71
79
79
79
113
113
113
56
56
56
62
205
205
205
216
216
216
190
190
190
161
161
161
214
214
214
230
230
230
181
181
181
232
232
232
196
196
196
154
154
154
235
235
235
200
200
200
219
219
219
245
245
245
246
246
246
232
232
232
251
251
251
203
203
203
106
106
106
99
99
99
245
245
245
166
166
166
144
144
144
100
100
100
60
60
60
55
55
55
87
87
87
110
110
110
118
118
118
86
86
86
87
87
87
138
138
138
42
42
42
174
190
190
190
210
210
210
192
192
192
211
211
211
224
224
224
180
180
180
199
199
199
199
199
199
88
88
88
200
200
200
227
227
227
174
174
174
255
255
255
250
250
250
213
213
213
231
231
231
243
243
243
235
235
235
100
100
100
88
88
88
170
170
170
255
255
255
171
171
171
115
115
115
94
94
94
63
63
63
95
95
95
109
109
109
141
141
141
94
94
94
51
51
51
62
62
62
54
54
54
181
176
176
176
237
237
237
212
212
212
183
183
183
166
166
166
180
180
180
196
196
196
224
224
224
116
116
116
206
206
206
221
221
221
217
217
217
229
229
229
207
207
207
216
216
216
255
255
255
225
225
225
236
236
236
171
171
171
120
120
120
112
112
112
226
226
226
246
246
246
87
87
87
129
129
129
45
45
45
95
95
95
155
155
155
135
135
135
95
95
95
79
79
79
107
107
107
102
102
102
157
184
184
184
250
250
250
144
144
144
193
193
193
198
198
198
129
129
129
150
150
150
204
204
204
127
127
127
115
115
115
168
168
168
243
243
243
220
220
220
205
205
205
236
236
236
241
241
241
225
225
225
215
215
215
222
222
222
202
202
202
126
126
126
216
216
216
255
255
255
146
146
146
113
113
113
95
95
95
141
141
141
190
190
190
147
147
147
157
157
157
121
121
121
99
99
99
99
99
99
144
216
216
216
210
210
210
92
92
92
114
114
114
116
116
116
71
71
71
184
184
184
235
235
235
144
144
144
91
91
91
173
173
173
227
227
227
236
236
236
227
227
227
222
222
222
242
242
242
232
232
232
239
239
239
245
245
245
215
215
215
162
162
162
244
244
244
245
245
245
169
169
169
72
72
72
139
139
139
209
209
209
156
156
156
225
225
225
92
92
92
144
144
144
103
103
103
149
149
149
135
181
181
181
231
231
231
43
43
43
98
98
98
104
104
104
65
65
65
76
76
76
136
136
136
77
77
77
78
78
78
99
99
99
109
109
109
120
120
120
240
240
240
199
199
199
228
228
228
232
232
232
236
236
236
234
234
234
220
220
220
196
196
196
178
178
178
156
156
156
133
133
133
173
173
173
138
138
138
188
188
188
191
191
191
247
247
247
137
137
137
145
145
145
88
88
88
105
105
105
207
173
173
173
254
254
254
60
60
60
148
148
148
173
173
173
66
66
66
67
67
67
67
67
67
77
77
77
63
63
63
76
76
76
44
44
44
160
160
160
240
240
240
234
234
234
204
204
204
208
208
208
236
236
236
248
248
248
223
223
223
187
187
187
131
131
131
142
142
142
243
243
243
239
239
239
195
195
195
201
201
201
202
202
202
207
207
207
149
149
149
113
113
113
78
78
78
216
216
216
148
177
177
177
253
253
253
110
110
110
103
103
103
82
82
82
61
61
61
91
91
91
73
73
73
77
77
77
78
78
78
80
80
80
72
72
72
252
252
252
243
243
243
238
238
238
204
204
204
215
215
215
225
225
225
226
226
226
209
209
209
219
219
219
175
175
175
153
153
153
217
217
217
182
182
182
227
227
227
136
136
136
227
227
227
203
203
203
220
220
220
157
157
157
61
61
61
129
129
129
127
241
241
241
250
250
250
131
131
131
74
74
74
78
78
78
91
91
91
85
85
85
65
65
65
70
70
70
108
108
108
81
81
81
38
38
38
174
174
174
230
230
230
251
251
251
162
162
162
171
171
171
216
216
216
233
233
233
195
195
195
229
229
229
188
188
188
190
190
190
126
126
126
159
159
159
242
242
242
171
171
171
144
144
144
197
197
197
220
220
220
201
201
201
82
82
82
66
66
66
111
252
252
252
161
161
161
140
140
140
182
182
182
97
97
97
84
84
84
82
82
82
85
85
85
134
134
134
87
87
87
82
82
82
87
87
87
23
23
23
194
194
194
75
75
75
47
47
47
80
80
80
174
174
174
255
255
255
81
81
81
255
255
255
107
107
107
168
168
168
141
141
141
171
171
171
173
173
173
166
166
166
205
205
205
198
198
198
238
238
238
126
126
126
112
112
112
97
97
97
72
230
230
230
229
229
229
128
128
128
159
159
159
111
111
111
96
96
96
73
73
73
101
101
101
83
83
83
89
89
89
69
69
69
84
84
84
66
66
66
47
47
47
80
80
80
107
107
107
207
207
207
253
253
253
244
244
244
84
84
84
136
136
136
87
87
87
95
95
95
69
69
69
90
90
90
83
83
83
121
121
121
142
142
142
168
168
168
78
78
78
47
47
47
61
61
61
67
67
67
71
213
213
213
254
254
254
196
196
196
157
157
157
153
153
153
143
143
143
69
69
69
97
97
97
85
85
85
69
69
69
83
83
83
75
75
75
74
74
74
67
67
67
79
79
79
158
158
158
239
239
239
237
237
237
218
218
218
69
69
69
134
134
134
100
100
100
157
157
157
138
138
138
87
87
87
95
95
95
86
86
86
68
68
68
57
57
57
71
71
71
86
86
86
53
53
53
62
62
62
147
250
250
250
238
238
238
220
220
220
222
222
222
178
178
178
168
168
168
79
79
79
89
89
89
75
75
75
98
98
98
92
92
92
80
80
80
75
75
75
60
60
60
67
67
67
203
203
203
249
249
249
252
252
252
175
175
175
130
130
130
146
146
146
132
132
132
180
180
180
182
182
182
130
130
130
103
103
103
108
108
108
64
64
64
62
62
62
78
78
78
64
64
64
69
69
69
94
94
94
206
244
244
244
238
238
238
206
206
206
210
210
210
207
207
207
217
217
217
112
112
112
157
157
157
124
124
124
98
98
98
93
93
93
87
87
87
76
76
76
64
64
64
54
54
54
236
236
236
242
242
242
255
255
255
127
127
127
208
208
208
174
174
174
184
184
184
145
145
145
74
74
74
120
120
120
95
95
95
118
118
118
148
148
148
175
175
175
53
53
53
61
61
61
34
34
34
146
146
146
200
219
219
219
241
241
241
231
231
231
203
203
203
196
196
196
225
225
225
161
161
161
171
171
171
156
156
156
174
174
174
157
157
157
154
154
154
98
98
98
170
170
170
21
21
21
226
226
226
244
244
244
231
231
231
38
38
38
181
181
181
201
201
201
115
115
115
128
128
128
90
90
90
107
107
107
113
113
113
59
59
59
200
200
200
255
255
255
65
65
65
54
54
54
53
53
53
76
76
76
172
186
186
186
239
239
239
218
218
218
213
213
213
189
189
189
188
188
188
199
199
199
181
181
181
142
142
142
218
218
218
166
166
166
236
236
236
169
169
169
243
243
243
139
139
139
199
199
199
226
226
226
57
57
57
73
73
73
161
161
161
229
229
229
119
119
119
132
132
132
99
99
99
105
105
105
90
90
90
69
69
69
159
159
159
168
168
168
68
68
68
48
48
48
60
60
60
50
50
50
87
218
218
218
221
221
221
249
249
249
182
182
182
178
178
178
171
171
171
240
240
240
187
187
187
201
201
201
202
202
202
184
184
184
214
214
214
231
231
231
203
203
203
234
234
234
236
236
236
145
145
145
100
100
100
172
172
172
169
169
169
143
143
143
178
178
178
137
137
137
101
101
101
105
105
105
101
101
101
83
83
83
109
109
109
69
69
69
45
45
45
67
67
67
65
65
65
56
56
56
58
217
217
217
170
170
170
236
236
236
156
156
156
208
208
208
194
194
194
185
185
185
132
132
132
228
228
228
190
190
190
223
223
223
180
180
180
244
244
244
194
194
194
175
175
175
239
239
239
75
75
75
171
171
171
222
222
222
232
232
232
142
142
142
111
111
111
201
201
201
109
109
109
111
111
111
91
91
91
91
91
91
110
110
110
89
89
89
56
56
56
81
81
81
76
76
76
63
63
63
49
179
179
179
130
130
130
157
157
157
124
124
124
97
97
97
120
120
120
104
104
104
77
77
77
199
199
199
113
113
113
143
143
143
115
115
115
240
240
240
219
219
219
222
222
222
220
220
220
222
222
222
213
213
213
254
254
254
170
170
170
119
119
119
96
96
96
138
138
138
223
223
223
135
135
135
111
111
111
120
120
120
126
126
126
62
62
62
73
73
73
130
130
130
126
126
126
84
84
84
59
174
174
174
170
170
170
183
183
183
130
130
130
147
147
147
112
112
112
118
118
118
113
113
113
72
72
72
81
81
81
123
123
123
242
242
242
255
255
255
239
239
239
234
234
234
226
226
226
223
223
223
220
220
220
239
239
239
185
185
185
94
94
94
103
103
103
117
117
117
209
209
209
206
206
206
202
202
202
203
203
203
229
229
229
127
127
127
125
125
125
149
149
149
126
126
126
88
88
88
52
166
166
166
144
144
144
178
178
178
139
139
139
131
131
131
145
145
145
145
145
145
84
84
84
101
101
101
94
94
94
172
172
172
251
251
251
253
253
253
255
255
255
255
255
255
113
113
113
243
243
243
230
230
230
246
246
246
236
236
236
207
207
207
171
171
171
139
139
139
188
188
188
193
193
193
197
197
197
118
118
118
198
198
198
212
212
212
120
120
120
86
86
86
109
109
109
73
73
73
60
189
189
189
177
177
177
224
224
224
164
164
164
90
90
90
132
132
132
125
125
125
94
94
94
86
86
86
120
120
120
241
241
241
250
250
250
134
134
134
252
252
252
235
235
235
135
135
135
254
254
254
240
240
240
237
237
237
233
233
233
243
243
243
181
181
181
126
126
126
113
113
113
119
119
119
98
98
98
81
81
81
152
152
152
156
156
156
96
96
96
93
93
93
88
88
88
111
111
111
95
190
190
190
162
162
162
178
178
178
209
209
209
146
146
146
164
164
164
160
160
160
114
114
114
140
140
140
134
134
134
172
172
172
192
192
192
190
190
190
253
253
253
251
251
251
105
105
105
247
247
247
247
247
247
237
237
237
239
239
239
249
249
249
223
223
223
88
88
88
87
87
87
85
85
85
95
95
95
80
80
80
85
85
85
64
64
64
101
101
101
109
109
109
72
72
72
109
109
109
92
205
205
205
125
125
125
163
163
163
181
181
181
116
116
116
90
90
90
218
218
218
139
139
139
136
136
136
127
127
127
92
92
92
71
71
71
162
162
162
255
255
255
227
227
227
240
240
240
245
245
245
254
254
254
241
241
241
241
241
241
247
247
247
255
255
255
196
196
196
121
121
121
159
159
159
72
72
72
93
93
93
61
61
61
78
78
78
153
153
153
113
113
113
90
90
90
106
106
106
200
206
206
206
156
156
156
108
108
108
65
65
65
80
80
80
98
98
98
151
151
151
104
104
104
84
84
84
77
77
77
149
149
149
144
144
144
87
87
87
155
155
155
183
183
183
252
252
252
253
253
253
246
246
246
250
250
250
246
246
246
251
251
251
247
247
247
249
249
249
242
242
242
209
209
209
75
75
75
93
93
93
69
69
69
62
62
62
42
42
42
182
182
182
110
110
110
151
151
151
226
160
160
160
179
179
179
130
130
130
100
100
100
79
79
79
118
118
118
97
97
97
71
71
71
82
82
82
68
68
68
203
203
203
255
255
255
125
125
125
90
90
90
228
228
228
255
255
255
197
197
197
252
252
252
238
238
238
239
239
239
244
244
244
239
239
239
228
228
228
219
219
219
94
94
94
135
135
135
97
97
97
97
97
97
81
81
81
64
64
64
79
79
79
99
99
99
85
85
85
181
154
154
154
126
126
126
122
122
122
82
82
82
78
78
78
100
100
100
71
71
71
73
73
73
66
66
66
71
71
71
248
248
248
249
249
249
227
227
227
185
185
185
163
163
163
243
243
243
251
251
251
255
255
255
225
225
225
227
227
227
250
250
250
249
249
249
236
236
236
180
180
180
103
103
103
95
95
95
133
133
133
128
128
128
100
100
100
67
67
67
87
87
87
193
193
193
178
178
178
164
167
167
167
149
149
149
103
103
103
139
139
139
108
108
108
86
86
86
79
79
79
71
71
71
85
85
85
132
132
132
250
250
250
255
255
255
228
228
228
247
247
247
223
223
223
185
185
185
252
252
252
243
243
243
76
76
76
81
81
81
87
87
87
176
176
176
255
255
255
177
177
177
137
137
137
127
127
127
98
98
98
166
166
166
136
136
136
110
110
110
150
150
150
209
209
209
177
177
177
207
190
190
190
157
157
157
95
95
95
167
167
167
109
109
109
100
100
100
89
89
89
105
105
105
182
182
182
143
143
143
249
249
249
180
180
180
244
244
244
226
226
226
235
235
235
224
224
224
218
218
218
158
158
158
144
144
144
97
97
97
72
72
72
42
42
42
85
85
85
87
87
87
143
143
143
169
169
169
219
219
219
241
241
241
237
237
237
141
141
141
221
221
221
213
213
213
135
135
135
142
